%YAML:1.0
---
image_width: 1280
image_height: 720
camera_matrix: !!opencv-matrix
   rows: 3
   cols: 3
   dt: f
   data: [ 8.94971375e+02, 0., 6.89582031e+02, 0., 9.00096558e+02,
       3.73348633e+02, 0., 0., 1. ]
distortion_coefficients: !!opencv-matrix
   rows: 1
   cols: 5
   dt: f
   data: [ 1.92715935e-02, -1.52237028e-01, 2.44061113e-03,
       5.72290504e-03, 3.60873081e-02 ]
